%YAML:1.0
---
camera_matrix: !!opencv-matrix
   rows: 3
   cols: 3
   dt: d
   data: [ 5.3453887234557715e+02, 0., 1.2632133498894843e+03, 0.,
       5.3949509671633439e+02, 9.5748830857481289e+02, 0., 0., 1. ]
dist_coeffs: !!opencv-matrix
   rows: 4
   cols: 1
   dt: d
   data: [ 8.4211557943147150e-02, -2.2377011302879925e-02,
       -3.6821250309605853e-03, 5.9938259104696850e-04 ]
resolution: !!opencv-matrix
   rows: 2
   cols: 1
   dt: i
   data: [ 2592, 1944 ]
