%YAML:1.0
---
camera_matrix: !!opencv-matrix
   rows: 3
   cols: 3
   dt: d
   data: [ 5.3138090182767166e+02, 0., 1.3183960724036315e+03, 0.,
       5.3429520283872500e+02, 9.7322157105854239e+02, 0., 0., 1. ]
dist_coeffs: !!opencv-matrix
   rows: 4
   cols: 1
   dt: d
   data: [ 8.9144628263383222e-02, -1.8176180977524659e-02,
       -6.5156006646220803e-03, 1.2630331246893010e-03 ]
resolution: !!opencv-matrix
   rows: 2
   cols: 1
   dt: i
   data: [ 2592, 1944 ]
