%YAML:1.0
---
camera_matrix: !!opencv-matrix
   rows: 3
   cols: 3
   dt: d
   data: [ 5.5082816126368789e+02, 0., 1.3121170996975284e+03, 0.,
       5.5652402467153365e+02, 9.5529173317235995e+02, 0., 0., 1. ]
dist_coeffs: !!opencv-matrix
   rows: 4
   cols: 1
   dt: d
   data: [ 1.4154823316927684e-01, -1.1677499334614255e-01,
       5.6910588949223566e-02, -1.4798430860418084e-02 ]
resolution: !!opencv-matrix
   rows: 2
   cols: 1
   dt: i
   data: [ 2592, 1944 ]
