%YAML:1.0
---
camera_matrix: !!opencv-matrix
   rows: 3
   cols: 3
   dt: d
   data: [ 5.2398720646525067e+02, 0., 1.3197471575021877e+03, 0.,
       5.2424195953356934e+02, 9.8449019671844542e+02, 0., 0., 1. ]
dist_coeffs: !!opencv-matrix
   rows: 4
   cols: 1
   dt: d
   data: [ 7.0576158794368918e-02, 7.2895844121616113e-03,
       -1.9151854124439163e-02, 3.2626849293499217e-03 ]
resolution: !!opencv-matrix
   rows: 2
   cols: 1
   dt: i
   data: [ 2592, 1944 ]
