%YAML:1.0
---
camera_matrix: !!opencv-matrix
   rows: 3
   cols: 3
   dt: d
   data: [ 5.3059523987305488e+02, 0., 1.2749251845202321e+03, 0.,
       5.2990845309008216e+02, 9.5712445976167737e+02, 0., 0., 1. ]
dist_coeffs: !!opencv-matrix
   rows: 4
   cols: 1
   dt: d
   data: [ 7.9726224810488341e-02, -1.3225473487424136e-02,
       -5.8632883520798049e-03, -2.1698525645040254e-03 ]
resolution: !!opencv-matrix
   rows: 2
   cols: 1
   dt: i
   data: [ 2592, 1944 ]
