%YAML:1.0
---
camera_matrix: !!opencv-matrix
   rows: 3
   cols: 3
   dt: d
   data: [ 5.2949813376010718e+02, 0., 1.3235327531714991e+03, 0.,
       5.2922460041582201e+02, 9.5035298453520477e+02, 0., 0., 1. ]
dist_coeffs: !!opencv-matrix
   rows: 4
   cols: 1
   dt: d
   data: [ 1.0218383237259185e-01, -4.8556690575803974e-02,
       1.2360725085815120e-02, -3.0247061890246872e-03 ]
resolution: !!opencv-matrix
   rows: 2
   cols: 1
   dt: i
   data: [ 2592, 1944 ]
